-3.347724676132202148e-03 -4.528522491455078125e-03 -4.673451185226440430e-03 -3.547668457031250000e-03 -1.118928194046020508e-03 2.339303493499755859e-03 6.173133850097656250e-03 8.777529001235961914e-03 6.223261356353759766e-03 -5.482316017150878906e-03 -1.915687322616577148e-02 -1.831099390983581543e-02 -2.071529626846313477e-03 1.394140720367431641e-02 2.028557658195495605e-02 2.170941233634948730e-02 2.736404538154602051e-02 3.859725594520568848e-02 4.414823651313781738e-02 2.344742417335510254e-02 -4.631024599075317383e-02
-3.774255514144897461e-03 -4.993349313735961914e-03 -5.035907030105590820e-03 -3.595739603042602539e-03 -5.415380001068115234e-04 3.933221101760864258e-03 9.103417396545410156e-03 1.281052827835083008e-02 9.551197290420532227e-03 -6.179094314575195312e-03 -2.592074871063232422e-02 -3.251740336418151855e-02 -2.825433015823364258e-02 -2.869915962219238281e-02 -3.764319419860839844e-02 -4.448917508125305176e-02 -3.815466165542602539e-02 -1.926276087760925293e-02 -2.913415431976318359e-03 -1.339763402938842773e-02 -7.614827156066894531e-02
-4.085272550582885742e-03 -5.501598119735717773e-03 -5.695313215255737305e-03 -4.293680191040039062e-03 -1.107662916183471680e-03 3.707766532897949219e-03 9.298264980316162109e-03 1.278683543205261230e-02 6.819456815719604492e-03 -1.547226309776306152e-02 -4.332554340362548828e-02 -5.923548340797424316e-02 -6.960871815681457520e-02 -8.872091770172119141e-02 -1.129461824893951416e-01 -1.257432401180267334e-01 -1.154161393642425537e-01 -8.595204353332519531e-02 -5.689069628715515137e-02 -5.614200234413146973e-02 -1.113639771938323975e-01
-4.178524017333984375e-03 -5.885452032089233398e-03 -6.383389234542846680e-03 -5.274146795272827148e-03 -2.332836389541625977e-03 2.283513545989990234e-03 7.522910833358764648e-03 9.616762399673461914e-03 -9.749233722686767578e-04 -3.220707178115844727e-02 -6.996881961822509766e-02 -9.739094972610473633e-02 -1.259118616580963135e-01 -1.660058796405792236e-01 -2.042844891548156738e-01 -2.189871072769165039e-01 -2.001595795154571533e-01 -1.569292843341827393e-01 -1.137406826019287109e-01 -1.016115546226501465e-01 -1.496978104114532471e-01
-4.004567861557006836e-03 -6.027847528457641602e-03 -6.904721260070800781e-03 -6.222188472747802734e-03 -3.742873668670654297e-03 3.488659858703613281e-04 4.767119884490966797e-03 4.698604345321655273e-03 -1.181975007057189941e-02 -5.333560705184936523e-02 -1.014662086963653564e-01 -1.423159241676330566e-01 -1.930365264415740967e-01 -2.557758092880249023e-01 -3.047859072685241699e-01 -3.153365552425384521e-01 -2.828060686588287354e-01 -2.233369648456573486e-01 -1.660987138748168945e-01 -1.441809833049774170e-01 -1.871272027492523193e-01
-3.578364849090576172e-03 -5.903333425521850586e-03 -7.154494524002075195e-03 -6.923943758010864258e-03 -4.957348108291625977e-03 -1.458019018173217773e-03 2.076089382171630859e-03 -1.949965953826904297e-04 -2.259671688079833984e-02 -7.314857840538024902e-02 -1.285995244979858398e-01 -1.827447712421417236e-01 -2.587754130363464355e-01 -3.434290885925292969e-01 -3.967142105102539062e-01 -3.957056403160095215e-01 -3.454489707946777344e-01 -2.700428366661071777e-01 -2.021413147449493408e-01 -1.750770509243011475e-01 -2.173753380775451660e-01
-2.953112125396728516e-03 -5.542993545532226562e-03 -7.122695446014404297e-03 -7.285326719284057617e-03 -5.743086338043212891e-03 -2.664923667907714844e-03 3.718733787536621094e-04 -3.204524517059326172e-03 -2.926766872406005859e-02 -8.272522687911987305e-02 -1.350565552711486816e-01 -1.965867280960083008e-01 -2.966527342796325684e-01 -3.970900774002075195e-01 -4.449355006217956543e-01 -4.264316856861114502e-01 -3.594428300857543945e-01 -2.745800912380218506e-01 -2.050707340240478516e-01 -1.821103096008300781e-01 -2.317615747451782227e-01
-2.207130193710327148e-03 -5.027383565902709961e-03 -6.884217262268066406e-03 -7.343351840972900391e-03 -6.057262420654296875e-03 -3.058820962905883789e-03 2.338588237762451172e-04 -2.808898687362670898e-03 -2.753368020057678223e-02 -7.019990682601928711e-02 -9.615087509155273438e-02 -1.480214893817901611e-01 -2.612759470939636230e-01 -3.632642328739166260e-01 -3.953371942043304443e-01 -3.603628873825073242e-01 -2.876377105712890625e-01 -2.092405855655670166e-01 -1.547497510910034180e-01 -1.507432460784912109e-01 -2.198123633861541748e-01
-1.418739557266235352e-03 -4.452675580978393555e-03 -6.548881530761718750e-03 -7.222563028335571289e-03 -6.017416715621948242e-03 -2.714812755584716797e-03 1.742720603942871094e-03 1.696109771728515625e-03 -1.406547427177429199e-02 -2.296650409698486328e-02 1.762315630912780762e-02 6.278514862060546875e-03 -9.742984175682067871e-02 -1.806104481220245361e-01 -1.919852495193481445e-01 -1.531578302383422852e-01 -9.715294837951660156e-02 -5.007550120353698730e-02 -3.356528282165527344e-02 -6.778568029403686523e-02 -1.714940965175628662e-01
-6.479322910308837891e-04 -3.910154104232788086e-03 -6.243467330932617188e-03 -7.094383239746093750e-03 -5.845755338668823242e-03 -1.933097839355468750e-03 4.493981599807739258e-03 9.868174791336059570e-03 1.192373037338256836e-02 6.718888878822326660e-02 2.270065844058990479e-01 2.912095487117767334e-01 2.227421104907989502e-01 1.748060286045074463e-01 1.793090999126434326e-01 2.020045816898345947e-01 2.159004509449005127e-01 2.066122591495513916e-01 1.629206240177154541e-01 7.183638215065002441e-02 -8.152472972869873047e-02
6.744265556335449219e-05 -3.462880849838256836e-03 -6.068766117095947266e-03 -7.117092609405517578e-03 -5.802959203720092773e-03 -1.128107309341430664e-03 7.740885019302368164e-03 2.019211649894714355e-02 4.749098420143127441e-02 1.970704495906829834e-01 5.221316814422607422e-01 6.768125295639038086e-01 6.537381410598754883e-01 6.427118778228759766e-01 6.526988744735717773e-01 6.458257436752319336e-01 6.053520441055297852e-01 5.287764072418212891e-01 4.147112071514129639e-01 2.571029365062713623e-01 4.507324099540710449e-02
7.241666316986083984e-04 -3.128737211227416992e-03 -6.084263324737548828e-03 -7.419079542160034180e-03 -6.108582019805908203e-03 -7.098019123077392578e-04 1.064828038215637207e-02 3.053227066993713379e-02 8.614841103553771973e-02 3.477472364902496338e-01 8.509061336517333984e-01 1.073929071426391602e+00 1.084031462669372559e+00 1.098060131072998047e+00 1.105555534362792969e+00 1.070649147033691406e+00 9.843709468841552734e-01 8.511992692947387695e-01 6.758532524108886719e-01 4.575681388378143311e-01 1.893076002597808838e-01
1.356869935989379883e-03 -2.896398305892944336e-03 -6.302237510681152344e-03 -8.048653602600097656e-03 -6.907671689987182617e-03 -9.882152080535888672e-04 1.251354813575744629e-02 3.885695338249206543e-02 1.197905242443084717e-01 4.883185327053070068e-01 1.137232065200805664e+00 1.382922649383544922e+00 1.405889511108398438e+00 1.430429697036743164e+00 1.432240247726440430e+00 1.379834651947021484e+00 1.268063306808471680e+00 1.102799177169799805e+00 8.899949789047241211e-01 6.309196949005126953e-01 3.209012448787689209e-01
2.017199993133544922e-03 -2.709925174713134766e-03 -6.676733493804931641e-03 -8.994430303573608398e-03 -8.241474628448486328e-03 -2.120018005371093750e-03 1.292061805725097656e-02 4.378667473793029785e-02 1.415419280529022217e-01 5.873607397079467773e-01 1.317498683929443359e+00 1.545376658439636230e+00 1.568410277366638184e+00 1.594190001487731934e+00 1.590281605720520020e+00 1.530871510505676270e+00 1.412542700767517090e+00 1.239446163177490234e+00 1.015290737152099609e+00 7.400226593017578125e-01 4.088514149188995361e-01
2.784341573715209961e-03 -2.486288547515869141e-03 -7.122039794921875000e-03 -1.017603278160095215e-02 -1.005333662033081055e-02 -4.114001989364624023e-03 1.174801588058471680e-02 4.486259818077087402e-02 1.479345858097076416e-01 6.246156692504882812e-01 1.363472342491149902e+00 1.553321480751037598e+00 1.574001908302307129e+00 1.597962260246276855e+00 1.590420842170715332e+00 1.531944632530212402e+00 1.419980645179748535e+00 1.255935072898864746e+00 1.039802074432373047e+00 7.682552337646484375e-01 4.343028962612152100e-01
3.748744726181030273e-03 -2.126783132553100586e-03 -7.525354623794555664e-03 -1.146391034126281738e-02 -1.221075654029846191e-02 -6.830900907516479492e-03 9.142488241195678711e-03 4.239127039909362793e-02 1.393886506557464600e-01 5.961250066757202148e-01 1.281019806861877441e+00 1.430094718933105469e+00 1.451241850852966309e+00 1.473664641380310059e+00 1.465705871582031250e+00 1.414572834968566895e+00 1.317811727523803711e+00 1.173490762710571289e+00 9.772630929946899414e-01 7.217556238174438477e-01 3.967151939868927002e-01
5.006134510040283203e-03 -1.514911651611328125e-03 -7.751971483230590820e-03 -1.269662380218505859e-02 -1.452025771141052246e-02 -1.004379987716674805e-02 5.418062210083007812e-03 3.717443346977233887e-02 1.191647946834564209e-01 5.118882656097412109e-01 1.097027659416198730e+00 1.210993170738220215e+00 1.235354542732238770e+00 1.256489992141723633e+00 1.250635504722595215e+00 1.211560726165771484e+00 1.136383056640625000e+00 1.019232749938964844e+00 8.507701158523559570e-01 6.187599897384643555e-01 3.089428246021270752e-01
6.639361381530761719e-03 -5.503594875335693359e-04 -7.667928934097290039e-03 -1.370936632156372070e-02 -1.676440238952636719e-02 -1.346379518508911133e-02 1.002490520477294922e-03 3.019306063652038574e-02 9.174790978431701660e-02 3.898265659809112549e-01 8.468871116638183594e-01 9.328286647796630859e-01 9.604078531265258789e-01 9.785844087600708008e-01 9.748240709304809570e-01 9.493132829666137695e-01 8.987349271774291992e-01 8.133505582809448242e-01 6.783851385116577148e-01 4.757650196552276611e-01 1.859480440616607666e-01
8.742392063140869141e-03 8.791983127593994141e-04 -7.148534059524536133e-03 -1.432877779006958008e-02 -1.871013641357421875e-02 -1.677796244621276855e-02 -3.638476133346557617e-03 2.244213223457336426e-02 6.151130795478820801e-02 2.496749460697174072e-01 5.662671327590942383e-01 6.295664310455322266e-01 6.574207544326782227e-01 6.688797473907470703e-01 6.642904281616210938e-01 6.497316360473632812e-01 6.218749284744262695e-01 5.681840181350708008e-01 4.690906703472137451e-01 3.003237545490264893e-01 3.574988245964050293e-02
1.138940453529357910e-02 2.863764762878417969e-03 -6.061226129531860352e-03 -1.439476013183593750e-02 -2.014088630676269531e-02 -1.966470479965209961e-02 -8.032113313674926758e-03 1.482215523719787598e-02 3.202345967292785645e-02 1.088824570178985596e-01 2.864671051502227783e-01 3.304213583469390869e-01 3.537347614765167236e-01 3.537068068981170654e-01 3.436326682567596436e-01 3.342324197292327881e-01 3.224481642246246338e-01 2.945163547992706299e-01 2.279872596263885498e-01 9.351053833961486816e-02 -1.418744623661041260e-01
1.464903354644775391e-02 5.489408969879150391e-03 -4.307329654693603516e-03 -1.376050710678100586e-02 -2.084651589393615723e-02 -2.182638645172119141e-02 -1.171422004699707031e-02 8.133947849273681641e-03 5.913615226745605469e-03 -1.922395825386047363e-02 3.221598267555236816e-02 5.874434113502502441e-02 7.214555144309997559e-02 5.626121163368225098e-02 3.619340062141418457e-02 2.540424466133117676e-02 2.065458893775939941e-02 8.081525564193725586e-03 -3.539666533470153809e-02 -1.416794657707214355e-01 -3.489526510238647461e-01
