-3.344804048538208008e-03 -5.738466978073120117e-03 -7.720470428466796875e-03 -9.178787469863891602e-03 -1.015368103981018066e-02 -1.100519299507141113e-02 -1.247775554656982422e-02 -1.566761732101440430e-02 -2.219602465629577637e-02 -3.492245078086853027e-02 -5.584600567817687988e-02 -7.693335413932800293e-02 -8.087506890296936035e-02 -6.351211667060852051e-02 -3.968566656112670898e-02 -2.361556887626647949e-02 -1.713329553604125977e-02 -1.547604799270629883e-02 -1.848128437995910645e-02 -3.643462061882019043e-02 -8.814379572868347168e-02
-3.764480352401733398e-03 -6.161242723464965820e-03 -8.008629083633422852e-03 -9.114146232604980469e-03 -9.434193372726440430e-03 -9.212046861648559570e-03 -9.098440408706665039e-03 -1.023441553115844727e-02 -1.473245024681091309e-02 -2.685025334358215332e-02 -5.015978217124938965e-02 -7.607927918434143066e-02 -8.658424019813537598e-02 -7.975640892982482910e-02 -7.084038853645324707e-02 -6.970810890197753906e-02 -7.283502817153930664e-02 -7.297644019126892090e-02 -7.113432884216308594e-02 -8.094167709350585938e-02 -1.249402463436126709e-01
-4.082322120666503906e-03 -6.636202335357666016e-03 -8.572459220886230469e-03 -9.645909070968627930e-03 -9.733200073242187500e-03 -8.996069431304931641e-03 -8.028566837310791016e-03 -8.062005043029785156e-03 -1.181885600090026855e-02 -2.517005801200866699e-02 -5.314180254936218262e-02 -8.575230836868286133e-02 -1.042563021183013916e-01 -1.098634004592895508e-01 -1.177623271942138672e-01 -1.322107613086700439e-01 -1.438769698143005371e-01 -1.436618268489837646e-01 -1.346588730812072754e-01 -1.344542801380157471e-01 -1.693950295448303223e-01
-4.194527864456176758e-03 -7.004499435424804688e-03 -9.191930294036865234e-03 -1.047989726066589355e-02 -1.069000363349914551e-02 -9.937971830368041992e-03 -8.798003196716308594e-03 -8.659392595291137695e-03 -1.302433013916015625e-02 -2.966657280921936035e-02 -6.488415598869323730e-02 -1.062652170658111572e-01 -1.346310973167419434e-01 -1.552975177764892578e-01 -1.821981370449066162e-01 -2.122171223163604736e-01 -2.301179170608520508e-01 -2.262757122516632080e-01 -2.072351276874542236e-01 -1.951438486576080322e-01 -2.200768589973449707e-01
-4.046648740768432617e-03 -7.156461477279663086e-03 -9.694308042526245117e-03 -1.135697960853576660e-02 -1.195269823074340820e-02 -1.156175136566162109e-02 -1.078835129737854004e-02 -1.126304268836975098e-02 -1.744616031646728516e-02 -3.933852910995483398e-02 -8.424615859985351562e-02 -1.362166106700897217e-01 -1.766546070575714111e-01 -2.158812880516052246e-01 -2.640925645828247070e-01 -3.084559738636016846e-01 -3.285586237907409668e-01 -3.166007995605468750e-01 -2.843783497810363770e-01 -2.590235173702239990e-01 -2.738567590713500977e-01
-3.638327121734619141e-03 -7.052332162857055664e-03 -9.967803955078125000e-03 -1.208364963531494141e-02 -1.320156455039978027e-02 -1.340252161026000977e-02 -1.332923769950866699e-02 -1.489612460136413574e-02 -2.368405461311340332e-02 -5.218046903610229492e-02 -1.081671118736267090e-01 -1.712496876716613770e-01 -2.256947457790374756e-01 -2.875486612319946289e-01 -3.587587773799896240e-01 -4.141474664211273193e-01 -4.304001629352569580e-01 -4.051426649093627930e-01 -3.572830855846405029e-01 -3.187927007675170898e-01 -3.251762390136718750e-01
-2.998799085617065430e-03 -6.705045700073242188e-03 -9.985387325286865234e-03 -1.255837082862854004e-02 -1.422685384750366211e-02 -1.507592201232910156e-02 -1.578387618064880371e-02 -1.851844787597656250e-02 -2.997031807899475098e-02 -6.506186723709106445e-02 -1.309495866298675537e-01 -2.021493613719940186e-01 -2.705048918724060059e-01 -3.581452965736389160e-01 -4.516539573669433594e-01 -5.116336941719055176e-01 -5.166218876838684082e-01 -4.740459918975830078e-01 -4.108739495277404785e-01 -3.626887202262878418e-01 -3.653266429901123047e-01
-2.200394868850708008e-03 -6.165415048599243164e-03 -9.780049324035644531e-03 -1.277244091033935547e-02 -1.494249701499938965e-02 -1.635745167732238770e-02 -1.768180727958679199e-02 -2.120682597160339355e-02 -3.444167971611022949e-02 -7.394841313362121582e-02 -1.436563134193420410e-01 -2.125916779041290283e-01 -2.890024781227111816e-01 -4.012129306793212891e-01 -5.109479427337646484e-01 -5.658059716224670410e-01 -5.535806417465209961e-01 -4.946746230125427246e-01 -4.226913154125213623e-01 -3.739125132560729980e-01 -3.821573257446289062e-01
-1.304715871810913086e-03 -5.511999130249023438e-03 -9.432882070541381836e-03 -1.279252767562866211e-02 -1.538160443305969238e-02 -1.720514893531799316e-02 -1.881495118141174316e-02 -2.238470315933227539e-02 -3.557479381561279297e-02 -7.452726364135742188e-02 -1.344107985496520996e-01 -1.778794527053833008e-01 -2.453218996524810791e-01 -3.713222742080688477e-01 -4.830892980098724365e-01 -5.224808454513549805e-01 -4.940687119960784912e-01 -4.298334419727325439e-01 -3.650054931640625000e-01 -3.323309421539306641e-01 -3.611554503440856934e-01
-3.753602504730224609e-04 -4.822462797164916992e-03 -9.039342403411865234e-03 -1.273608207702636719e-02 -1.566708087921142578e-02 -1.773038506507873535e-02 -1.925504207611083984e-02 -2.196747064590454102e-02 -3.266260027885437012e-02 -6.345397233963012695e-02 -9.059515595436096191e-02 -6.845396757125854492e-02 -9.609353542327880859e-02 -2.132056951522827148e-01 -3.066506981849670410e-01 -3.256435990333557129e-01 -2.936694622039794922e-01 -2.465838938951492310e-01 -2.138134241104125977e-01 -2.202981412410736084e-01 -2.891073226928710938e-01
5.429089069366455078e-04 -4.162967205047607422e-03 -8.691370487213134766e-03 -1.272913813591003418e-02 -1.596668362617492676e-02 -1.816004514694213867e-02 -1.929506659507751465e-02 -2.035394310951232910e-02 -2.613365650177001953e-02 -3.993555903434753418e-02 -3.960698843002319336e-03 1.364491879940032959e-01 1.835817992687225342e-01 1.009944975376129150e-01 4.231181740760803223e-02 3.890261054039001465e-02 5.446282029151916504e-02 5.897834897041320801e-02 3.459498286247253418e-02 -3.336298465728759766e-02 -1.609283983707427979e-01
1.434117555618286133e-03 -3.566116094589233398e-03 -8.446186780929565430e-03 -1.287281513214111328e-02 -1.644781231880187988e-02 -1.874834299087524414e-02 -1.935178041458129883e-02 -1.828888058662414551e-02 -1.749402284622192383e-02 -6.901144981384277344e-03 1.222874224185943604e-01 4.269160330295562744e-01 5.636416673660278320e-01 5.256360769271850586e-01 5.033818483352661133e-01 5.051747560501098633e-01 4.908784329891204834e-01 4.405618011951446533e-01 3.480747640132904053e-01 2.084034383296966553e-01 1.233348250389099121e-02
2.309203147888183594e-03 -3.036350011825561523e-03 -8.336275815963745117e-03 -1.322743296623229980e-02 -1.723372936248779297e-02 -1.972332596778869629e-02 -1.983761787414550781e-02 -1.660385727882385254e-02 -8.883357048034667969e-03 2.915039658546447754e-02 2.691909968852996826e-01 7.508026361465454102e-01 9.548393487930297852e-01 9.491127729415893555e-01 9.514135122299194336e-01 9.504433870315551758e-01 9.078215360641479492e-01 8.112190961837768555e-01 6.612830162048339844e-01 4.589719474315643311e-01 2.001694142818450928e-01
3.204226493835449219e-03 -2.542585134506225586e-03 -8.340120315551757812e-03 -1.380559802055358887e-02 -1.838061213493347168e-02 -2.123039960861206055e-02 -2.106538414955139160e-02 -1.601260900497436523e-02 -2.342075109481811523e-03 6.009003520011901855e-02 4.058013260364532471e-01 1.031988382339477539e+00 1.257557153701782227e+00 1.263743519783020020e+00 1.276047945022583008e+00 1.269093275070190430e+00 1.208658456802368164e+00 1.086032152175903320e+00 9.031025171279907227e-01 6.619094610214233398e-01 3.601922690868377686e-01
4.176408052444458008e-03 -2.026110887527465820e-03 -8.408725261688232422e-03 -1.456755399703979492e-02 -1.987549662590026855e-02 -2.331778407096862793e-02 -2.320322394371032715e-02 -1.694223284721374512e-02 7.444918155670166016e-04 7.902458310127258301e-02 5.006332397460937500e-01 1.206861972808837891e+00 1.413425087928771973e+00 1.418706297874450684e+00 1.431724667549133301e+00 1.418736457824707031e+00 1.350958466529846191e+00 1.221189260482788086e+00 1.029462337493896484e+00 7.754029035568237305e-01 4.552789032459259033e-01
5.292743444442749023e-03 -1.418143510818481445e-03 -8.461534976959228516e-03 -1.542925834655761719e-02 -2.164828777313232422e-02 -2.593988180160522461e-02 -2.626758813858032227e-02 -1.952210068702697754e-02 -1.105666160583496094e-04 8.244279026985168457e-02 5.333973169326782227e-01 1.247223734855651855e+00 1.414533734321594238e+00 1.416437506675720215e+00 1.427066445350646973e+00 1.410109043121337891e+00 1.342919111251831055e+00 1.218909382820129395e+00 1.035201549530029297e+00 7.875580787658691406e-01 4.688402116298675537e-01
6.631433963775634766e-03 -6.242692470550537109e-04 -8.393049240112304688e-03 -1.628068089485168457e-02 -2.357470989227294922e-02 -2.896448969841003418e-02 -3.013148903846740723e-02 -2.362596988677978516e-02 -4.607230424880981445e-03 7.076659798622131348e-02 5.001087188720703125e-01 1.158915400505065918e+00 1.284193158149719238e+00 1.285502314567565918e+00 1.293962478637695312e+00 1.276232123374938965e+00 1.215996623039245605e+00 1.106584906578063965e+00 9.415481090545654297e-01 7.121223211288452148e-01 4.070156514644622803e-01
8.270323276519775391e-03 4.395842552185058594e-04 -8.105248212814331055e-03 -1.699343323707580566e-02 -2.549558877944946289e-02 -3.220832347869873047e-02 -3.457838296890258789e-02 -2.895379066467285156e-02 -1.197546720504760742e-02 4.724648594856262207e-02 4.107824862003326416e-01 9.687844514846801758e-01 1.057654619216918945e+00 1.061057925224304199e+00 1.067556500434875488e+00 1.051512598991394043e+00 1.002940177917480469e+00 9.144704341888427734e-01 7.755172252655029297e-01 5.721213817596435547e-01 2.879674136638641357e-01
1.028653979301452637e-02 1.867234706878662109e-03 -7.489234209060668945e-03 -1.743575930595397949e-02 -2.724954485893249512e-02 -3.545850515365600586e-02 -3.932830691337585449e-02 -3.509089350700378418e-02 -2.124428749084472656e-02 1.636931300163269043e-02 2.833509743213653564e-01 7.121653556823730469e-01 7.716723680496215820e-01 7.771363258361816406e-01 7.799463272094726562e-01 7.655283212661743164e-01 7.300833463668823242e-01 6.655472517013549805e-01 5.572255849838256836e-01 3.855081498622894287e-01 1.280787289142608643e-01
1.275244355201721191e-02 3.736585378646850586e-03 -6.446570158004760742e-03 -1.748296618461608887e-02 -2.867239713668823242e-02 -3.849333524703979492e-02 -4.407313466072082520e-02 -4.158949851989746094e-02 -3.143996000289916992e-02 -1.748955249786376953e-02 1.375900208950042725e-01 4.246748387813568115e-01 4.601520001888275146e-01 4.647234380245208740e-01 4.600315392017364502e-01 4.442695081233978271e-01 4.192859828472137451e-01 3.767551481723785400e-01 2.989422976970672607e-01 1.612136065959930420e-01 -6.516996026039123535e-02
1.573011279106140137e-02 6.127327680587768555e-03 -4.878520965576171875e-03 -1.702100038528442383e-02 -2.961242198944091797e-02 -4.109811782836914062e-02 -4.850593209266662598e-02 -4.798141121864318848e-02 -4.167863726615905762e-02 -5.076092481613159180e-02 -9.008675813674926758e-03 1.375730335712432861e-01 1.522609293460845947e-01 1.511269509792327881e-01 1.341276466846466064e-01 1.123119294643402100e-01 9.194579720497131348e-02 6.475040316581726074e-02 1.145696640014648438e-02 -9.569898247718811035e-02 -2.907605171203613281e-01
